edges: {25%: 376.0, 50%: 487.0, 75%: 622.25, count: 2500.0, max: 2461.0, mean: 535.4224,
  min: 160.0, std: 239.1178632374578}
nodes: {25%: 357.0, 50%: 457.0, 75%: 584.0, count: 2500.0, max: 2218.0, mean: 504.5512,
  min: 161.0, std: 223.82807102933324}
