edges: {25%: 57.0, 50%: 83.0, 75%: 123.0, count: 2500.0, max: 813.0, mean: 96.784,
  min: 0.0, std: 63.20023300416481}
nodes: {25%: 40.0, 50%: 57.0, 75%: 83.25, count: 2500.0, max: 570.0, mean: 65.92,
  min: 1.0, std: 40.77269877241479}
