elapsed: 3149.807284116745
evaluating: 2.4246132373809814
loading: 27.337130546569824
predicting: 2.471334457397461
training: 3106.842022418976
