edges: {25%: 357.0, 50%: 2513.0, 75%: 2813.25, count: 2500.0, max: 4760.0, mean: 1850.564,
  min: 58.0, std: 1350.883215414521}
nodes: {25%: 156.0, 50%: 1066.0, 75%: 1252.25, count: 2500.0, max: 2103.0, mean: 809.8584,
  min: 31.0, std: 591.9377981614256}
