edges: {25%: 170.0, 50%: 241.0, 75%: 334.0, count: 2500.0, max: 1788.0, mean: 266.4112,
  min: 2.0, std: 152.01638631161737}
nodes: {25%: 43.0, 50%: 61.0, 75%: 87.0, count: 2500.0, max: 573.0, mean: 68.988,
  min: 1.0, std: 41.109734371606486}
