elapsed: 6184.32932305336
evaluating: 6.111849069595337
loading: 42.3785560131073
predicting: 6.119811058044434
training: 6118.647570371628
