edges: {25%: 170.0, 50%: 1140.0, 75%: 1288.0, count: 2500.0, max: 2160.0, mean: 846.2932,
  min: 32.0, std: 612.0211211836316}
nodes: {25%: 156.0, 50%: 984.0, 75%: 1127.25, count: 2500.0, max: 1885.0, mean: 741.0308,
  min: 31.0, std: 530.1736835276174}
