elapsed: 2161.7548933029175
evaluating: 3.2603111267089844
loading: 37.527496337890625
predicting: 3.2739787101745605
training: 2107.086728334427
