elapsed: 11821.62724351883
evaluating: 6.136533737182617
loading: 50.921156883239746
predicting: 6.170702219009399
training: 11747.163480520248
