elapsed: 1890.8812322616577
evaluating: 2.8324825763702393
loading: 34.53626728057861
predicting: 2.8642771244049072
training: 1839.420005083084
