edges: {25%: 874.0, 50%: 1135.5, 75%: 1451.25, count: 2500.0, max: 5674.0, mean: 1243.8644,
  min: 309.0, std: 555.8889779757949}
nodes: {25%: 360.75, 50%: 460.5, 75%: 588.0, count: 2500.0, max: 2221.0, mean: 507.6192,
  min: 161.0, std: 224.05130704067474}
