elapsed: 2691.0674521923065
evaluating: 2.856161117553711
loading: 32.99631428718567
predicting: 2.8711016178131104
training: 2641.675407409668
