elapsed: 6012.671020746231
evaluating: 7.243549346923828
loading: 11.490963220596313
predicting: 7.216285228729248
training: 5974.703327894211
