elapsed: 14067.271713495255
evaluating: 5.159211874008179
loading: 31.598527908325195
predicting: 5.221685886383057
training: 14014.308985948563
