elapsed: 4337.8328268527985
evaluating: 2.122687578201294
loading: 34.690932512283325
predicting: 2.1833996772766113
training: 4287.456212282181
