elapsed: 12608.972155809402
evaluating: 199.21731328964233
loading: 59.76639795303345
predicting: 35.62666869163513
training: 12300.66418838501
