elapsed: 3321.539831161499
evaluating: 3.2731809616088867
loading: 40.579734086990356
predicting: 3.366821765899658
training: 3263.0325894355774
