elapsed: 11618.577788829803
evaluating: 7.180800676345825
loading: 59.26108407974243
predicting: 7.2342634201049805
training: 11533.891669511795
