elapsed: 11219.604374170303
evaluating: 8.307758808135986
loading: 45.750877141952515
predicting: 7.048356533050537
training: 11146.128078460693
