elapsed: 8348.328906297684
evaluating: 5.225908994674683
loading: 36.483572006225586
predicting: 5.2714197635650635
training: 8290.08635020256
