elapsed: 7133.288450956345
evaluating: 6.439262866973877
loading: 35.82553720474243
predicting: 6.417705297470093
training: 7073.5305054187775
