edges: {25%: 44.0, 50%: 295.0, 75%: 315.0, count: 2500.0, max: 569.0, mean: 210.6876,
  min: 7.0, std: 150.0861897443628}
nodes: {25%: 31.0, 50%: 143.0, 75%: 154.0, count: 2500.0, max: 273.0, mean: 107.0708,
  min: 7.0, std: 69.05383088565019}
