elapsed: 2282.091159105301
evaluating: 2.439051866531372
loading: 30.02626919746399
predicting: 2.5401999950408936
training: 2236.081165790558
