elapsed: 1486.729688167572
evaluating: 2.606564521789551
loading: 36.100621461868286
predicting: 2.6549277305603027
training: 1434.5527911186218
