elapsed: 3879.381203651428
evaluating: 3.0103938579559326
loading: 40.07811784744263
predicting: 3.1292171478271484
training: 3822.3269917964935
